mmazursky,639215
hannah.lester,722037
michael.h,185264
,74565
newUser,375215
newestUser,573735
username,450292
username,631551
20356360,770715
8540836,353984
newUser1,482203
718084,262350
sender,603244
receiver,229930
18907728,657915
70809543,536527
36985931,945233
hannah1,397825
hannah2,567000
testperson,274908
user124,693799
9989630.33488145,268447
6566674.302549818,39331
6.658201699339518E7,191452
2.0089232097534847E7,52923
2.917090767783409E7,789817
3305488.1166539825,771713
1.1975150177227847E7,293584
2.1970805590809982E7,892094
5.021404071658381E7,615609
2.7288347332915515E7,9308
5986158.138677399,574355
11397.404118706914,348092
5.741321544806204E7,975157
6.6177058504000686E7,82288
4.567460116663098E7,100931
2.8360323358057987E7,674232
3.093491030142469E7,282277
844364.3137201648,722685
5556438.682684597,509270
1696958.974377669,872566
708146.329676709,46071
29361717,414087
2498803.1142237308,410239
6577116.919526091,726845
personB,600656
personA,920367
33737531,619063
3.3351036908891007E7,54540
124920.41195346435,833315
